static int16_t SDOUT_OSF_2X[48] = 
{
	0,		0,
	0,		0,
	0,		0,
	0,		0,
	0,		0,
	0,		0,
	0,		0,
	0,		0,
	0,		0,
	0,		0,
	0,		0,
	0,		0,
	-3,		0,
	5,		0,
	-8,		0,
	13,		0,
	-19,	0,
	28,		0,
	-39,	0,
	55,		0,
	-79,	0,
	120,	0,
	-211,	0,
	650,	1024
};

static int16_t SDOUT_OSF_4X[48] =  
{
	-2,		-3,
	0,		0,
	4,		5,
	-1,		0,
	-6,		-9,
	1,		0,
	10,		14,
	-1,		0,
	-14,	-20,
	1,		0,
	20,		29,
	-2,		0,
	-28,	-40,
	2,		0,
	40,		56,
	-3,		0,
	-57,	-80,
	5,		0,
	86,		121,
	-10,	0,
	-154,	-212,
	27,		0,
	613,	651,
	-308,	1024
};
